71      90      110     119     122     199     241     
244     245     248     274     296     346     366     
378     387     388     421     423     436     445     
456     457     464     493     509     548     589     
660     731     733     734     824     875     920     
955     1010    1038    1063    1107    1109    1134    
1163    1185    1188    1190    1246    1249    1250    
1251    1254    1280    1336    1375    1379    1387    
1422    1434    1436    1437    1438    1572    1587    
1600    1640    1644    1657    1672    1787    1853    
1876    1958    1967    1981    2023    2051    2054    
2089    2131    2136    2203    2235    2294    2295    
2306    2312    2333    2352    2379    2475    2479    
2502    2531    2533    2555    2560    2575    2612    
2637    2656    2658    2679    2748    2777    2782    
2816    2818    2825    2838    2869    2893    2897    
2900    2951    2991    3017    3033    3034    3041    
3042    3043    3063    3065    3112    3148    3154    
3156    3206    3238    3310    3318    3320    3322    
3329    3332    3336    3347    3349    3413    3440    
3471    3497    3498    3501    3534    3568    3596    
3612    3621    3625    3633    3665    3677    3685    
3710    3751    3752    3763    3771    3833    3839    
3841    3885    3893    3945    3963    3998    4014    
4021    4085    4167    4173    4174    4177    4197    
4265    4313    4351    4391    4464    4488    4494    
4500    4530    4547    4552    4555    4595    4596    
4599    4680    4723    4726    4729    4740    4741    
4745    4856    4871    4890    4893    4904    4927    
4931    5004    5007    5048    5086    5088    5105    
5173    5196    5300    5322    5341    5345    5382    
5461    5477    5480    5484    5487    5497    5499    
5500    5502    5505    5554    5555    5621    5622    
5642    5644    5664    5667    5688    5705    5737    
5743    5745    5750    5810    5817    5820    5826    
5843    5858    5865    5868    5887    5888    5979    
6014    6064    6081    6084    6092    6154    6217    
6222    6223    6270    6309    6310    6351    6394    
6395    6396    6435    6439    6491    6506    6514    
6515    6522    6525    6547    6553    6557    6595    
6604    6623    6649    6658    6684    6686    6691    
6722    6725    6735    6737    6742    6760    6764    
6772    6778    6794    6815    6911    6927    6968    
6984    6996    7000    7033    7042    7082    7091    
7098    7104    7113    7115    7156    7181    7237    
7266    7357    7372    7374    7376    7382    7414    
7462    7483    7520    7561    7562    7619    7625    
7659    7683    7698    7699    7704    7746    7749    
7753    7789    7825    7862    7879    7911    7963    
7987    7990    7999    8002    8013    8077    8087    
8093    8096    8134    8148    8190    8200    8205    
8268    8309    8313    8318    8342    8343    8391    
8402    8467    8507    8511    8562    8657    8694    
8700    8701    8742    8749    8756    8763    8767    
8788    8790    8795    8796    8818    8819    8851    
8863    8953    9022    9038    9041    9054    9055    
9076    9080    9081    9082    9098    9100    9112    
9118    9169    9175    9195    9200    9216    9222    
9228    9233    9236    9266    9289    9322    9325    
9328    9329    9350    9387    9411    9413    9419    
9431    9457    9486    9523    9609    9613    9634    
9637    9639    9640    9645    9647    9665    9672    
9736    9777    9822    9870    9905    9936    9969    
9970    9971    9974    9978    9990    10003   10011   
10025   10043   10057   10058   10061   10166   10179   
10195   10204   10209   10214   10217   10276   10299   
10344   10356   10361   10370   10414   10420   10453   
10457   10487   10488   10490   10558   10575   10588   
10595   10596   10597   10619   10621   10628   10631   
10706   10741   10746   10747   10749   10750   10761   
10775   10777   10779   10781   10853   10894   10898   
10904   10966   10969   10976   11039   11093   11112   
11134   11170   11223   11233   11279   11282   11296   
11350   11454   11486   11490   11501   11567   11570   
11607   11613   11615   11620   11622   11665   11681   
11729   11803   11829   11851   11860   11877   11881   
11895   11956   11958   11980   11987   11996   11998   
12000   12001   12003   12005   12008   12009   12032   
12061   12066   12127   12145   12182   12237   12242   
12329   12333   12352   12354   12375   12391   12393   
12430   12436   12476   12484   12490   12492   12493   
12495   12497   12515   12526   12590   12595   12602   
12634   12708   12715   12720   12721   12794   12816   
12817   12838   12839   12844   12850   12866   12875   
12934   12951   12993   13005   13020   13040   13070   
13075   13079   13088   13097   13108   13110   13127   
13220   13221   13222   13303   13306   13343   13354   
13378   13396   13404   13419   13460   13525   13563   
13572   13588   13593   13594   13639   13707   13737   
13741   13749   13757   13758   13764   13768   13780   
13807   13808   13809   13814   13820   13857   13889   
13918   13934   13957   14031   14042   14046   14051   
14060   14073   14077   14080   14098   14107   14118   
14134   14136   14164   14245   14269   14388   14416   
14417   14421   14464   14465   14472   14478   14479   
14480   14506   14520   14523   14528   14539   14548   
14616   14639   14647   14739   14760   14766   14776   
14779   14785   14787   14801   14809   14814   14862   
14874   14875   14881   14931   14959   14962   14976   
15009   15010   15013   15073   15083   15112   15124   
15139   15171   15216   15253   15314   15325   15354   
15399   15408   15412   15425   15434   15436   15443   
15447   15456   15543   15568   15577   15584   15612   
15614   15643   15649   15718   15734   15772   15805   
15807   15839   15843   15846   15847   15874   15880   
15884   15887   15889   15905   15907   15914   15934   
15980   15987   16000   16054   16055   16057   16066   
16070   16104   16120   16137   16152   16175   16177   
16191   16192   16308   16316   16318   16327   16366   
16384   16391   16392   16441   16442   16490   16493   
16538   16540   16542   16548   16562   16567   16569   
16586   16632   16687   16692   16709   16710   16734   
16762   16767   16769   16776   16779   16782   16822   
16860   16878   16976   17168   17185   17194   17196   
17197   17209   17211   17247   17269   17273   17342   
17363   17365   17369   17401   17433   17469   17476   
17478   17500   17562   17593   17658   17676   17677   
17688   17690   17709   17713   17715   17723   17750   
17755   17759   17760   17768   17782   17783   17787   
17803   17829   17923   17940   17941   17946   17977   
18010   18057   18071   18077   18079   18093   18133   
18134   18171   18225   18263   18269   18271   18287   
18293   18294   18299   18327   18333   18339   18405   
18409   18462   18475   18495   18523   18543   18547   
18549   18563   18596   18622   18651   18656   18658   
18673   18697   18700   18759   18810   18826   18827   
18832   18868   18966   19061   19083   19096   19098   
19136   19140   19141   19142   19177   19262   19325   
19334   19351   19374   19392   19423   19482   19567   
19571   19582   19583   19589   19612   19614   19615   
19649   19691   19714   19716   19717   19741   19754   
19793   19794   19803   19805   19807   19815   19827   
19854   19860   19873   19899   19904   19907   19946   
20039   20048   20050   20054   20067   20071   20122   
20318   20322   20325   20328   20350   20436   20440   
20448   20456   20478   20480   20483   20494   20502   
20511   20513   20549   20568   20664   20752   20766   
20866   20874   20879   20922   20959   20960   20965   
20973   20993   21055   21057   21074   21082   21116   
21126   21130   21135   21166   21210   21251   21252   
21275   21278   21336   21393   21419   21469   21500   
21507   21684   21716   21717   21746   21763   21778   
21810   21887   21939   21956   21959   21963   21966   
21967   21996   22004   22056   22168   22210   22221   
22298   22300   22317   22319   22388   22419   22421   
22439   22515   22518   22541   22557   22560   22597   
22601   22607   22613   22617   22666   22818   22823   
22858   22874   22878   22882   22999   23018   23036   
23044   23099   23100   23106   23152   23154   23155   
23156   23159   23170   23171   23182   23186   23189   
23360   23389   23394   23474   23477   23479   23485   
23495   23538   23570   23601   23614   23618   23622   
23628   23669   23679   23747   23789   23792   23795   
23801   23814   23946   23951   23955   23963   24002   
24025   24028   24039   24053   24103   24183   24218   
24284   24285   24297   24375   24452   24493   24496   
24498   24502   24504   24505   24508   24528   24529   
24535   24571   24576   24601   24604   24648   24684   
24686   24745   24792   24849   24859   24865   24922   
24990   25004   25005   25031   25063   25079   25092   
25101   25167   25169   25175   25180   25192   25201   
25238   25253   25280   25297   25300   25303   25411   
25421   25424   25468   25470   25516   25542   25578   
25597   25606   25621   25627   25630   25634   25669   
25673   25709   25776   25806   25840   25844   25868   
25880   25956   25958   25970   25995   26000   26001   
26019   26023   26037   26043   26103   26104   26113   
26177   26191   26271   26278   26288   26316   26320   
26321   26372   26373   26376   26379   26406   26428   
26498   26522   26523   26542   26579   26582   26583   
26585   26654   26670   26698   26781   26793   26810   
26812   26836   26873   26877   26922   26931   26932   
26936   26944   26946   27011   27016   27042   27067   
27072   27109   27124   27130   27133   27136   27141   
27143   27177   27199   27202   27204   27211   27271   
27295   27298   27322   27335   27344   27441   27514   
27556   27565   27572   27633   27686   27689   27706   
27708   27709   27750   27783   27808   27838   27848   
27881   27891   27983   27997   28000   28004   28031   
28036   28057   28078   28118   28121   28124   28128   
28142   28188   28193   28223   28229   28237   28289   
28292   28326   28391   28398   28402   28589   28639   
28656   28662   28675   28735   28737   28739   28775   
28849   28915   28932   28975   28977   28998   29026   
29048   29049   29104   29131   29273   29291   29318   
29322   29326   29356   29367   29388   29390   29399   
29423   29499   29533   29552   29596   29623   29625   
29626   29656   29663   29677   29709   29723   29747   
29790   29796   29858   29864   29866   29880   29882   
29895   29914   29919   30012   30013   30030   30032   
30033   30035   30062   30071   30102   30106   30107   
30131   30135   30136   30198   30249   30252   30270   
30276   30338   30339   30444   30450   30474   30482   
30551   30595   30598   30624   30625   30629   30630   
30674   30694   30697   30702   30709   30711   30712   
30722   30734   30741   30762   30791   30797   30830   
30865   30927   30957   30960   30962   30968   30975   
30976   31002   31004   31041   31048   31080   31093   
31147   31151   31194   31195   31236   31261   31262   
31263   31339   31347   31403   31404   31408   31420   
31442   31445   31503   31534   31595   31625   31671   
31685   31690   31770   31798   31873   31891   31952   
31975   31978   31988   31997   32032   32071   32083   
32100   32155   32176   32177   32178   32221   32302   
32325   32336   32362   32366   32371   32388   32411   
32463   32471   32506   32535   32540   32561   32575   
32599   32613   32634   32649   32663   32673   32703   
32730   32800   32801   32830   32846   32847   32848   
32876   32877   32881   32918   32977   32997   33087   
33197   33203   33229   33278   33279   33294   33336   
33338   33341   33344   33377   33385   33387   33388   
33390   33391   33486   33491   33503   33528   33532   
33573   33575   33614   33739   33800   33814   33821   
33824   33850   33961   33968   33993   34019   34034   
34047   34056   34088   34134   34159   34175   34176   
34185   34189   34294   34323   34325   34354   34368   
34390   34391   34445   34508   34562   34563   34593   
34605   34609   34629   34648   34690   34695   34700   
34724   34771   34775   34780   34799   34813   34822   
34829   34851   34919   34923   34965   35007   35051   
35078   35102   35107   35114   35118   35138   35197   
35202   35205   35214   35217   35276   35280   35281   
35367   35444   35465   35468   35481   35482   35483   
35486   35489   35493   35526   35527   35561   35648   
35688   35692   35698   35700   35719   35727   35765   
35767   35802   35806   35811   35866   35875   35892   
35899   35912   35936   35964   35985   35998   35999   
36038   36052   36121   36135   36213   36215   36229   
36237   36251   36259   36285   36297   36305   36310   
36312   36461   36472   36498   36546   36552   36563   
36576   36609   36618   36630   36661   36693   36694   
36719   36738   36796   36826   36871   36897   36903   
36913   36915   37015   37042   37049   37134   37176   
37193   37195   37210   37223   37231   37296   37304   
37314   37315   37334   37341   37346   37422   37431   
37452   37492   37495   37504   37507   37508   37512   
37516   37588   37591   37652   37662   37679   37680   
37683   37686   37689   37709   37733   37789   37799   
37807   37827   37838   37839   37869   37881   37961   
37965   37975   38003   38007   38020   38061   38126   
38127   38129   38150   38181   38183   38220   38254   
38278   38339   38342   38350   38353   38355   38386   
38429   38446   38469   38478   38487   38490   38506   
38555   38556   38561   38569   38574   38624   38639   
38648   38659   38665   38666   38667   38693   38703   
38761   38763   38766   38783   38786   38787   38851   
38853   38854   38913   38924   38955   38962   38964   
38977   38981   38992   39008   39037   39044   39066   
39074   39111   39141   39142   39165   39180   39190   
39196   39208   39214   39254   39288   39292   39294   
39303   39337   39370   39377   39382   39403   39404   
39415   39441   39456   39472   39474   39488   39492   
39493   39502   39547   39551   39552   39554   39630   
39674   39684   39718   39719   39722   39724   39741   
39825   39881   39904   39924   39928   39993   40014   
40039   40081   40088   40170   40201   40268   40295   
40316   40340   40396   40410   40448   40452   40454   
40457   40458   40496   40517   40611   40655   40671   
40704   40719   40723   40726   40776   40780   40782   
40794   40839   40853   40869   40878   40884   40888   
40894   40935   41055   41086   41231   41314   41331   
41338   41339   41346   41368   41377   41378   41383   
41397   41413   41459   41523   41606   41623   41703   
41709   41728   41756   41769   41849   41864   41867   
41870   41873   41886   41924   41958   41959   42058   
42078   42081   42109   42138   42140   42141   42244   
42247   42258   42265   42271   42286   42288   42292   
42303   42305   42350   42361   42370   42371   42381   
42455   42495   42501   42524   42525   42532   42533   
42537   42578   42585   42737   42741   42881   42913   
42922   42937   42938   42940   42945   42983   42985   
42989   42995   43071   43086   43180   43199   43252   
43274   43331   43338   43357   43378   43389   43420   
43429   43437   43610   43679   43729   43753   43793   
43799   43818   43821   43824   43841   43873   43920   
43963   43968   44006   44053   44118   44181   44182   
44206   44221   44242   44258   44317   44344   44411   
44412   44415   44436   44510   44515   44519   44530   
44605   44625   44698   44703   44719   44741   44745   
44767   44819   44843   44847   44863   44966   44974   
44977   45037   45039   45064   45129   45137   45138   
45146   45203   45213   45285   45288   45290   45298   
45347   45351   45431   45436   45488   45490   45492   
45503   45551   45565   45677   45778   45797   46072   
46099   46101   46108   46132   46136   46166   46212   
46216   46239   46294   46317   46318   46322   46404   
46420   46446   46449   46457   46461   46548   46652   
46677   46735   46841   46871   46896   46914   46951   
46953   46985   47017   47034   47050   47057   47058   
47067   47069   47072   47077   47078   47079   47186   
47190   47207   47234   47256   47257   47282   47292   
47296   47309   47370   47377   47469   47480   47495   
47502   47573   47615   47669   47683   47729   47782   
47851   47852   47856   47872   47882   47941   47971   
48023   48035   48064   48082   48090   48093   48097   
48100   48190   48208   48210   48224   48257   48261   
48333   48343   48347   48354   48369   48448   48449   
48465   48495   48519   48590   48613   48641   48657   
48669   48744   48809   48827   48832   48843   48849   
48879   48888   48948   48960   48962   48970   48974   
48997   49011   49013   49044   49065   49070   49088   
49168   49172   49230   49298   49363   49379   49465   
49472   49475   49478   49485   49543   49548   49552   
49580   49587   49591   49594   49597   49598   49635   
49641   49643   49655   49719   49763   49764   49780   
49799   49828   49838   49846   49876   49903   49909   
49973   49984   50004   50015   50016   50018   50021   
50067   50086   50110   50112   50131   50132   50138   
50154   50158   50162   50195   50232   50240   50242   
50300   50302   50306   50365   50369   50372   50402   
50406   50411   50427   50458   50460   50481   50484   
50485   50563   50571   50572   50654   50662   50690   
50702   50703   50705   50730   50770   50816   50831   
50854   50864   50920   51020   51032   51090   51124   
51125   51277   51301   51323   51333   51349   51390   
51413   51489   51508   51536   51563   51577   51610   
51625   51665   51707   51722   51739   51741   51782   
51865   51895   51898   51900   51974   51976   51980   
51985   51987   51992   52016   52041   52092   52098   
52136   52140   52154   52164   52232   52261   52310   
52397   52440   52484   52508   52523   52556   52561   
52731   52788   52804   52805   52806   52822   52832   
52834   52845   52847   52850   52852   52899   52927   
52930   52933   52934   52971   52994   52998   53067   
53069   53070   53108   53109   53116   53156   53157   
53209   53211   53262   53336   53361   53388   53394   
53446   53447   53464   53467   53482   53503   53546   
53628   53652   53653   53655   53658   53694   53723   
53725   53727   53728   53735   53741   53809   53815   
53831   53878   53897   53959   53996   54005   54032   
54055   54075   54078   54086   54091   54126   54168   
54174   54231   54235   54238   54266   54274   54331   
54334   54337   54346   54348   54349   54366   54368   
54443   54469   54525   54534   54535   54536   54559   
54569   54571   54573   54596   54603   54627   54650   
54651   54728   54730   54731   54768   54832   54860   
54973   54978   55064   55080   55090   55108   55160   
55170   55174   55185   55204   55231   55309   55314   
55324   55348   55353   55372   55377   55379   55383   
55424   55446   55447   55454   55476   55611   55654   
55678   55683   55684   55690   55701   55705   55709   
55714   55796   55854   55855   55978   55989   56059   
56147   56195   56211   56213   56218   56228   56254   
56279   56301   56311   56313   56344   56377   56415   
56461   56492   56497   56503   56504   56530   56714   
56724   56733   56795   56812   56829   56834   56843   
56896   56906   56933   56953   57085   57092   57095   
57099   57131   57134   57154   57216   57287   57293   
57294   57313   57353   57368   57373   57380   57388   
57393   57412   57484   57498   57528   57537   57541   
57543   57600   57602   57610   57640   57641   57676   
57724   57733   57734   57746   57801   57805   57822   
57865   57871   57902   57903   57904   57924   57962   
57964   57966   57968   58007   58009   58010   58026   
58137   58178   58208   58251   58254   58292   58295   
58320   58385   58387   58397   58472   58493   58500   
58525   58526   58530   58553   58573   58574   58597   
58635   58720   58776   58802   58803   58854   58864   
58899   58949   58980   59008   59009   59036   59050   
59109   59118   59124   59128   59139   59170   59201   
59215   59241   59314   59315   59335   59357   59359   
59373   59380   59383   59410   59417   59436   59466   
59468   59511   59514   59535   59659   59711   59741   
59742   59744   59757   59761   59765   59769   59822   
59841   59885   60029   60050   60079   60081   60093   
60110   60113   60117   60118   60154   60160   60168   
60181   60210   60230   60246   60260   60264   60266   
60295   60297   60310   60359   60371   60401   60443   
60452   60517   60526   60549   60579   60595   60613   
60618   60622   60631   60741   60842   60846   60847   
60849   60880   60947   60976   61023   61029   61030   
61040   61045   61047   61050   61059   61078   61138   
61144   61152   61157   61180   61181   61233   61237   
61240   61241   61287   61348   61364   61365   61367   
61396   61443   61458   61484   61487   61490   61493   
61513   61575   61576   61577   61579   61774   61790   
61802   61803   61806   61810   61819   61852   61920   
61921   61929   61985   62103   62136   62197   62201   
62227   62311   62321   62392   62406   62483   62498   
62532   62552   62638   62643   62778   62862   62866   
62890   62894   62900   62950   62960   62979   63023   
63030   63098   63104   63110   63115   63119   63214   
63254   63283   63333   63336   63372   63385   63416   
63516   63518   63539   63571   63573   63608   63693   
63738   63758   63761   63768   63777   63813   63846   
63882   63898   63900   63910   63914   63939   63988   
63990   63996   64141   64147   64150   64175   64201   
64249   64272   64334   64349   64377   64391   64396   
64422   64432   64433   64450   64490   64493   64501   
64509   64510   64533   64557   64559   64576   64589   
64607   64614   64763   64766   64769   64776   64788   
64825   64831   64851   64857   64947   64949   64979   
65034   65045   65097   65111   65134   65135   65150   
65167   65171   65193   65221   65223   65225   65232   
65288   65289   65294   65432   65545   65574   65589   
65593   65597   65715   65747   65751   65886   65887   
65963   65964   65967   66050   66052   66056   66059   
66061   66066   66096   66097   66098   66099   66134   
66217   66246   66249   66298   66301   66435   66436   
66454   66459   66463   66501   66520   66562   66626   
66693   66719   66763   66787   66793   66820   66891   
66900   66929   67007   67063   67085   67100   67126   
67150   67201   67225   67325   67329   67356   67372   
67496   67510   67524   67550   67596   67598   67605   
67682   67768   67769   67785   67803   67812   67820   
67879   67888   67891   67909   67926   67929   67964   
68063   68064   68070   68072   68151   68165   68228   
68238   68242   68271   68279   68338   68380   68381   
68386   68404   68432   68454   68498   68539   68543   
68581   68582   68590   68594   68627   68677   68684   
68693   68759   68775   68820   68905   68906   68913   
68995   69012   69013   69020   69058   69061   69063   
69139   69177   69235   69257   69259   69273   69303   
69307   69342   69343   69344   69353   69384   69420   
69421   69468   69491   69499   69593   69594   69661   
69763   69766   69771   69848   69854   69857   69864   
69899   69987   69988   70069   70073   70092   70094   
70224   70231   70234   70283   70287   70295   70328   
70340   70354   70359   70372   70394   70405   70410   
70441   70442   70455   70457   70506   70516   70527   
70529   70558   70565   70566   70607   70666   70709   
70723   70739   70799   70856   70867   70868   70876   
70890   70894   71046   71059   71065   71078   71079   
71083   71106   71107   71132   71147   71158   71185   
71188   71220   71252   71310   71381   71384   71407   
71434   71500   71550   71551   71552   71596   71601   
71660   71687   71695   71697   71705   71707   71712   
71763   71780   71812   71827   71833   71849   71859   
71877   71891   71961   71984   71996   72066   72115   
72122   72127   72141   72188   72288   72289   72291   
72310   72382   72481   72519   72532   72583   72597   
72606   72634   72635   72637   72701   72723   72825   
72858   72866   72877   72923   73027   73090   73119   
73135   73149   73153   73156   73175   73225   73253   
73293   73294   73338   73368   73369   73370   73404   
73470   73472   73501   73510   73520   73563   73634   
73697   73712   73727   73811   73812   73816   73819   
73850   73862   73942   73960   74056   74065   74067   
74069   74071   74099   74165   74171   74174   74176   
74194   74196   74206   74287   74302   74323   74329   
74363   74418   74420   74499   74501   74502   74547   
74549   74550   74585   74592   74598   74603   74604   
74644   74674   74782   74829   74834   74842   74924   
74961   74965   75057   75058   75083   75085   75086   
75088   75096   75097   75099   75115   75153   75161   
75225   75255   75261   75335   75343   75353   75389   
75521   75567   75587   75591   75613   75639   75712   
75739   75741   75764   75765   75839   75874   75875   
75876   75969   76010   76018   76021   76036   76045   
76058   76063   76171   76174   76179   76264   76289   
76326   76385   76399   76400   76403   76458   76495   
76500   76508   76511   76527   76533   76534   76550   
76570   76622   76625   76627   76629   76668   76670   
76687   76688   76697   76705   76715   76740   76744   
76798   76841   76848   76888   76899   76913   76915   
76916   76924   76931   76987   77074   77099   77104   
77107   77132   77133   77140   77195   77201   77221   
77226   77408   77413   77424   77435   77453   77460   
77461   77467   77548   77583   77603   77703   77705   
77718   77771   77805   77832   77840   77844   77891   
77894   77900   77901   77912   77918   77932   77971   
77993   78095   78099   78100   78140   78181   78199   
78231   78247   78248   78262   78281   78284   78285   
78318   78324   78351   78403   78468   78485   78696   
78700   78702   78704   78728   78835   78853   78861   
78915   78918   78930   78951   78952   78989   79032   
79055   79104   79253   79289   79329   79381   79410   
79472   79530   79554   79642   79652   79714   79732   
79734   79798   79823   79905   79934   79961   79965   
79998   80038   80040   80051   80053   80109   80165   
80167   80187   80206   80209   80226   80285   80292   
80301   80308   80339   80351   80352   80417   80553   
80574   80576   80595   80601   80674   80692   80710   
80768   80788   80819   80841   80842   80893   80895   
80937   81005   81006   81009   81030   81040   81059   
81159   81162   81169   81187   81191   81261   81280   
81288   81291   81325   81336   81364   81468   81511   
81531   81533   81534   81587   81592   81607   81621   
81628   81660   81666   81696   81727   81765   81770   
81805   81807   81809   81821   81953   81956   81958   
81960   81971   81981   82023   82025   82041   82068   
82086   82094   82222   82234   82237   82239   82279   
82286   82306   82341   82388   82454   82456   82489   
82497   82504   82511   82513   82516   82540   82568   
82572   82575   82597   82609   82610   82618   82641   
82743   82748   82772   82807   82856   82890   82916   
82924   82931   82972   83008   83012   83025   83028   
83204   83209   83212   83228   83257   83268   83293   
83303   83351   83439   83440   83478   83482   83517   
83518   83538   83617   83632   83637   83644   83669   
83702   83705   83744   83760   83764   83765   83843   
83905   83909   83932   83938   83940   83954   83984   
83999   84000   84059   84083   84181   84193   84230   
84282   84313   84394   84412   84423   84467   84486   
84649   84732   84771   84858   84872   84875   84879   
84910   84914   84915   84924   84928   84980   85101   
85102   85141   85191   85196   85207   85262   85265   
85319   85330   85346   85422   85425   85431   85506   
85549   85572   85574   85681   85701   85772   85895   
85906   85974   86016   86049   86056   86149   86172   
86196   86199   86210   86217   86226   86228   86230   
86233   86242   86260   86264   86266   86294   86306   
86314   86330   86341   86381   86402   86437   86442   
86470   86494   86592   86599   86634   86637   86640   
86679   86686   86704   86716   86736   86777   86819   
86856   86899   86905   86907   86958   87000   87003   
87078   87107   87108   87121   87122   87127   87177   
87180   87198   87257   87468   87470   87472   87473   
87487   87493   87576   87580   87615   87647   87653   
87673   87690   87728   87755   87771   87794   87798   
87823   87865   87876   87899   87982   88001   88005   
88050   88055   88061   88141   88159   88212   88283   
88335   88338   88340   88343   88350   88371   88379   
88396   88399   88423   88431   88472   88473   88477   
88498   88502   88584   88616   88629   88646   88686   
88720   88724   88820   88863   88931   88937   88951   
89002   89016   89027   89082   89086   89122   89195   
89212   89253   89263   89299   89313   89325   89390   
89406   89411   89431   89495   89499   89607   89652   
89711   89722   89731   89736   89747   89751   89761   
89858   89862   89865   89891   89901   89903   89940   
89978   89981   90023   90029   90076   90077   90087   
90142   90147   90245   90249   90255   90258   90283   
90336   90350   90358   90493   90517   90518   90519   
90531   90583   90608   90611   90632   90633   90700   
90717   90718   90725   90732   90733   90750   90786   
90839   90851   90870   90873   90879   90885   90899   
90980   91032   91034   91035   91059   91063   91064   
91099   91228   91242   91247   91256   91279   91327   
91344   91345   91374   91376   91402   91436   91437   
91441   91452   91465   91486   91549   91586   91630   
91762   91791   91792   91794   91811   91828   91860   
91866   91867   91869   91871   91908   91936   91953   
91975   91991   92029   92038   92054   92055   92082   
92107   92137   92147   92181   92186   92281   92291   
92360   92361   92369   92398   92400   92459   92504   
92506   92542   92576   92617   92674   92679   92680   
92729   92833   92835   92868   92874   92881   92895   
92970   93113   93221   93231   93233   93240   93275   
93284   93350   93362   93374   93406   93489   93511   
93551   93565   93676   93679   93680   93702   93741   
93792   93817   93834   93838   93889   93897   93931   
93976   94004   94023   94192   94226   94233   94238   
94304   94312   94313   94315   94321   94366   94367   
94431   94432   94479   94481   94484   94486   94543   
94544   94566   94568   94573   94575   94576   94577   
94624   94654   94673   94689   94721   94817   94903   
94931   94932   94936   94940   94993   95029   95038   
95041   95042   95051   95087   95137   95151   95182   
95272   95282   95295   95310   95312   95324   95328   
95331   95365   95533   95575   95576   95633   95664   
95691   95701   95744   95745   95793   95797   95839   
95870   95909   95945   95959   95961   96050   96183   
96188   96193   96215   96258   96345   96396   96465   
96472   96508   96513   96527   96610   96632   96663   
96671   96686   96720   96776   96814   96821   96822   
96841   96843   96848   96852   96877   96880   96888   
96902   96928   97047   97057   97060   97061   97069   
97081   97212   97279   97306   97334   97340   97347   
97379   97400   97452   97572   97591   97599   97600   
97749   97750   97752   97754   97771   97778   97784   
97788   97789   97808   97876   97896   97899   97912   
97920   97932   97959   98074   98085   98088   98100   
98101   98108   98176   98185   98191   98196   98220   
98251   98258   98285   98292   98305   98364   98365   
98373   98402   98403   98407   98410   98431   98473   
98480   98552   98630   98648   98671   98709   98733   
98759   98764   98795   98822   98824   98855   98860   
98874   98898   98941   98954   98957   98986   99020   
99087   99253   99261   99280   99281   99331   99379   
99424   99458   99468   99579   99601   99624   99677   
99699   99707   99762   99811   99942   99968   100002  
100032  100088  100112  100168  100220  100242  100247  
100277  100299  100371  100413  100433  100460  100485  
100489  100510  100531  100556  100561  100562  100600  
100683  100721  100740  100771  100793  100875  101012  
101022  101027  101034  101049  101050  101053  101106  
101110  101129  101199  101203  101207  101210  101357  
101431  101445  101446  101472  101483  101495  101534  
101640  101644  101645  101647  101716  101737  101738  
101772  101797  101855  101898  101985  102006  102065  
102093  102136  102137  102151  102233  102240  102266  
102307  102311  102321  102388  102414  102428  102430  
102434  102438  102460  102472  102590  102623  102742  
102802  102880  102983  103075  103114  103122  103126  
103170  103171  103188  103225  103226  103236  103252  
103277  103297  103317  103321  103333  103382  103409  
103421  103581  103653  103664  103666  103784  103796  
103804  103839  103862  103923  103925  103928  103936  
103944  104035  104082  104128  104162  104225  104227  
104247  104254  104307  104314  104318  104321  104322  
104391  104409  104414  104487  104575  104583  104585  
104586  104598  104611  104674  104690  104763  104766  
104779  104802  104917  104965  105045  105047  105050  
105094  105095  105112  105192  105234  105236  105239  
105253  105257  105287  105315  105321  105359  105363  
105375  105417  105438  105491  105498  105501  105524  
105526  105539  105580  105622  105733  105746  105759  
105760  105762  105819  105821  105843  105873  105901  
105949  105981  106000  106104  106107  106181  106193  
106220  106240  106242  106250  106339  106348  106363  
106394  106424  106442  106445  106501  106504  106519  
106651  106666  106672  106687  106688  106692  106747  
106827  106831  106832  106847  106849  106860  106881  
106884  106910  106938  106990  106991  106995  107020  
107034  107088  107092  107115  107224  107254  107255  
107362  107363  107366  107409  107411  107435  107467  
107468  107479  107537  107558  107580  107702  107768  
107772  107812  107816  107845  107851  107922  107923  
107932  107966  107983  107990  108051  108088  108180  
108261  108274  108294  108324  108336  108403  108431  
108627  108687  108699  108733  108761  108801  108815  
108882  108883  109022  109045  109046  109049  109069  
109163  109195  109196  109200  109252  109258  109296  
109311  109356  109367  109575  109576  109579  109588  
109612  109622  109635  109689  109827  109848  109862  
109949  109959  109961  110015  110133  110195  110210  
110249  110268  110323  110405  110422  110447  110477  
110483  110534  110537  110554  110555  110594  110598  
110599  110613  110681  110744  110752  110767  110769  
110816  110886  110912  110938  110978  110981  110982  
110999  111038  111062  111064  111188  111206  111213  
111225  111226  111227  111228  111255  111265  111279  
111281  111335  111444  111623  111627  111628  111638  
111691  111811  111813  111885  111916  111959  111997  
111998  111999  112019  112035  112100  112104  112116  
112120  112137  112168  112175  112314  112319  112349  
112361  112363  112520  112521  112600  112606  112663  
112665  112726  112758  112766  112794  112806  112811  
112841  112843  112864  112887  112898  112900  112901  
112951  112968  112972  112975  112981  113012  113015  
113149  113204  113208  113227  113228  113248  113270  
113306  113315  113316  113320  113423  113432  113435  
113478  113494  113530  113552  113558  113645  113653  
113687  113691  113701  113711  113724  113729  113758  
113860  113899  114028  114039  114078  114084  114137  
114215  114218  114284  114319  114328  114330  114370  
114414  114417  114433  114489  114491  114563  114624  
114647  114687  114721  114742  114763  114775  114963  
114968  114969  115058  115083  115111  115229  115230  
115258  115261  115324  115434  115498  115500  115519  
115520  115527  115554  115555  115673  115837  115841  
115881  115887  115933  115946  115958  115993  116008  
116014  116051  116102  116104  116173  116218  116288  
116408  116481  116507  116567  116576  116619  116626  
116658  116672  116693  116707  116817  116958  116961  
116963  116984  116995  117116  117155  117199  117222  
117254  117264  117272  117332  117334  117339  117372  
117381  117432  117438  117452  117457  117470  117544  
117672  117684  117690  117759  117761  117819  117840  
117960  117985  118019  118056  118113  118115  118201  
118251  118298  118299  118352  118364  118424  118486  
118560  118603  118690  118698  118726  118812  118820  
118859  119030  119047  119061  119135  119164  119194  
119217  119245  119254  119263  119303  119313  119340  
119362  119392  119403  119463  119535  119556  119560  
119752  119753  119758  119770  119771  119775  119778  
119834  119923  119925  120012  120016  120017  120082  
120083  120152  120166  120323  120374  120409  120410  
120466  120515  120528  120542  120556  120672  120675  
120780  120797  120961  120996  121020  121078  121083  
121091  121136  121148  121156  121160  121175  121176  
121178  121187  121196  121209  121234  121287  121291  
121302  121499  121513  121559  121586  121613  121636  
121640  121648  121756  121767  121777  121862  121927  
121969  122041  122080  122096  122123  122150  122202  
122249  122324  122336  122401  122405  122412  122447  
122490  122510  122581  122589  122606  122611  122686  
122741  122749  122789  122806  122925  122926  122994  
123044  123150  123151  123155  123185  123199  123223  
123239  123259  123296  123308  123383  123390  123424  
123427  123481  123483  123585  123607  123649  123709  
123714  123787  123869  124011  124015  124022  124024  
124058  124093  124123  124131  124132  124172  124216  
124217  124230  124255  124270  124290  124299  124327  
124330  124357  124369  124440  124487  124491  124508  
124599  124725  124788  124796  124839  124895  124899  
124938  124971  124994  124998  125033  125036  125039  
125053  125054  125066  125104  125181  125213  125282  
125310  125314  125319  125323  125353  125406  125448  
125485  125516  125563  125595  125802  125810  125827  
125839  125862  125863  125876  125879  125894  125921  
125940  126007  126011  126026  126051  126111  126140  
126284  126295  126298  126301  126303  126304  126309  
126323  126333  126343  126345  126442  126452  126486  
126498  126502  126515  126516  126601  126606  126674  
126675  126681  126756  126764  126773  126869  126875  
126897  126899  126911  126963  126973  126983  126987  
127099  127124  127159  127201  127202  127275  127349  
127406  127495  127511  127535  127576  127626  127628  
127629  127632  127662  127813  127831  127834  127873  
127902  127904  127906  127982  127988  128007  128015  
128206  128261  128278  128280  128328  128406  128427  
128443  128468  128471  128502  128532  128559  128721  
128858  128892  128893  128907  128923  128929  128932  
128947  128995  129009  129030  129104  129172  129195  
129402  129407  129539  129590  129591  129602  129607  
129628  129645  129646  129654  129657  129700  129702  
129703  129794  129820  129825  129881  129920  129966  
129989  130062  130107  130112  130142  130203  130273  
130320  130347  130444  130448  130496  130497  130501  
130526  130529  130533  130619  130632  130640  130685  
130690  130702  130748  130829  130854  130914  130919  
131011  131060  131063  131066  131089  131131  131132  
131182  131196  131202  131205  131215  131290  131354  
131363  131436  131557  131614  131619  131622  131623  
131624  131676  131698  131759  131807  131809  131822  
131871  131894  131924  131951  132036  132129  132139  
132162  132173  132183  132189  132192  132255  132256  
132261  132263  132264  132282  132284  132333  132381  
132401  132420  132487  132491  132549  132568  132608  
132655  132671  132686  132726  132731  132733  132752  
132794  132795  132830  132844  132846  132849  133046  
133071  133089  133090  133091  133243  133275  133298  
133307  133317  133325  133346  133365  133366  133445  
133452  133471  133523  133544  133553  133561  133567  
133591  133601  133649  133657  133667  133707  133751  
133756  133840  133889  133915  133940  134060  134065  
134066  134079  134104  134105  134294  134311  134313  
134348  134354  134364  134389  134394  134439  134472  
134484  134510  134527  134553  134563  134574  134628  
134634  134653  134684  134694  134695  134697  134712  
134881  134912  134957  134979  135086  135090  135098  
135107  135111  135113  135114  135128  135130  135133  
135138  135146  135171  135174  135213  135265  135268  
135285  135299  135303  135311  135365  135379  135397  
135419  135423  135433  135453  135510  135527  135630  
135633  135695  135727  135809  135880  135903  135989  
136043  136044  136115  136124  136133  136140  136144  
136156  136225  136266  136286  136300  136305  136326  
136332  136333  136340  136386  136410  136411  136432  
136435  136445  136448  136477  136489  136504  136514  
136597  136628  136678  136773  136774  136777  136780  
136783  136794  136847  136849  136930  136990  136993  
137012  137134  137156  137312  137350  137441  137521  
137538  137560  137600  137613  137616  137663  137671  
137673  137685  137727  137729  137768  137801  137843  
137884  137887  137890  137924  137937  137939  137987  
138007  138008  138014  138034  138111  138170  138197  
138221  138265  138268  138273  138293  138297  138346  
138369  138370  138401  138403  138428  138470  138537  
138583  138647  138713  138729  138734  138780  138806  
138809  138812  138958  139058  139082  139149  139160  
139164  139172  139222  139233  139234  139262  139319  
139336  139421  139437  139487  139495  139498  139500  
139504  139531  139535  139548  139589  139591  139594  
139605  139859  139881  139947  140013  140033  140059  
140101  140142  140163  140165  140176  140183  140186  
140201  140212  140225  140235  140236  140267  140294  
140350  140355  140381  140416  140443  140451  140580  
140622  140646  140649  140654  140688  140723  140860  
140861  140863  140911  140937  140957  140987  140988  
141001  141002  141005  141012  141098  141099  141100  
141102  141131  141153  141185  141221  141246  141247  
141248  141334  141354  141411  141412  141415  141487  
141517  141518  141553  141557  141586  141623  141666  
141671  141672  141693  141707  141713  141723  141776  
141783  141803  141978  142027  142036  142113  142202  
142240  142241  142267  142274  142276  142277  142286  
142349  142350  142351  142357  142405  142476  142519  
142529  142587  142638  142647  142664  142690  142701  
142709  142747  142888  143005  143040  143056  143057  
143058  143124  143125  143128  143175  143181  143191  
143192  143220  143250  143336  143337  143346  143379  
143468  143524  143557  143648  143668  143723  143727  
143769  143773  143782  143945  143989  144000  144012  
144104  144123  144193  144287  144300  144365  144395  
144398  144406  144408  144410  144498  144506  144515  
144520  144543  144565  144567  144646  144670  144678  
144702  144716  144739  144743  144763  144764  144860  
144900  144921  144948  144955  144971  144991  145052  
145053  145054  145139  145184  145200  145229  145313  
145358  145426  145507  145617  145629  145632  145633  
145634  145638  145647  145712  145718  145731  145735  
145739  145743  145824  145830  145833  145895  145940  
145957  145978  146008  146060  146064  146086  146095  
146131  146140  146161  146162  146220  146252  146283  
146287  146346  146348  146357  146400  146401  146403  
146441  146461  146484  146497  146548  146567  146597  
146623  146736  146738  146809  146816  146820  146876  
146970  146971  146994  147054  147058  147060  147140  
147196  147221  147285  147291  147316  147333  147358  
147377  147472  147475  147476  147493  147497  147499  
147502  147526  147571  147574  147615  147623  147665  
147712  147760  147775  147777  147782  147784  147787  
147869  147977  148025  148099  148108  148127  148128  
148151  148183  148185  148190  148215  148318  148329  
148358  148387  148476  148531  148532  148648  148649  
148651  148652  148653  148675  148689  148700  148765  
148771  148776  148790  148873  148963  148995  148997  
149005  149006  149024  149070  149079  149081  149084  
149087  149158  149288  149296  149342  149355  149397  
149437  149467  149470  149536  149537  149538  149730  
149802  149829  149883  149904  149938  149958  149973  
149991  149997  150002  150128  150360  150381  150415  
150479  150495  150565  150610  150614  150617  150667  
150689  150691  150712  150809  150838  150847  150851  
150858  150922  150987  151070  151071  151083  151113  
151116  151134  151146  151198  151217  151266  151269  
151271  151328  151343  151351  151352  151357  151359  
151421  151444  151510  151677  151685  151691  151791  
151829  151956  152008  152022  152083  152090  152107  
152122  152142  152144  152164  152167  152177  152180  
152182  152389  152410  152419  152477  152524  152529  
152553  152614  152635  152669  152670  152705  152708  
152720  152736  152737  152770  152802  152918  153130  
153146  153149  153170  153229  153277  153352  153398  
153437  153512  153526  153652  153700  153713  153732  
153747  153750  153755  153756  153767  153774  153778  
153817  153931  153937  153941  154073  154076  154111  
154141  154159  154165  154169  154172  154181  154201  
154224  154295  154401  154497  154499  154506  154532  
154550  154568  154573  154575  154795  154895  154921  
154940  154960  154985  155001  155046  155057  155076  
155135  155213  155219  155239  155246  155253  155270  
155305  155309  155364  155384  155397  155398  155399  
155407  155589  155593  155624  155625  155627  155645  
155704  155731  155826  155848  155850  155852  155858  
155862  155866  155871  155941  155955  155964  155991  
155992  156073  156079  156080  156147  156170  156179  
156185  156280  156372  156493  156560  156659  156685  
156716  156717  156768  156829  156852  156877  156878  
156910  157091  157092  157094  157123  157127  157153  
157154  157158  157159  157160  157161  157199  157202  
157208  157210  157225  157239  157266  157267  157278  
157355  157371  157373  157481  157560  157575  157599  
157634  157659  157661  157718  157740  157815  157820  
157823  157838  157856  157860  157953  158261  158280  
158288  158289  158313  158327  158385  158550  158552  
158556  158591  158603  158613  158615  158801  159001  
159019  159048  159100  159210  159215  159259  159261  
159299  159348  159349  159352  159501  159590  159593  
159614  159621  159625  159626  159627  159678  159681  
159696  159709  159715  159722  159738  159771  159777  
159817  159926  159950  159960  159993  159996  159998  
160034  160036  160040  160041  160057  160059  160082  
160123  160132  160140  160144  160195  160200  160254  
160294  160325  160352  160353  160374  160379  160410  
160432  160439  160442  160454  160484  160495  160527  
160600  160636  160709  160736  160805  160818  160943  
161061  161065  161066  161067  161166  161212  161253  
161257  161311  161345  161371  161457  161576  161577  
161638  161643  161644  161704  161723  161755  161766  
161775  161822  161915  161919  161934  161976  161980  
162048  162054  162097  162112  162132  162223  162230  
162313  162322  162323  162454  162544  162548  162552  
162571  162576  162592  162634  162728  162729  162735  
162773  162785  162797  162806  162811  162826  162888  
162942  162984  162988  163158  163172  163189  163261  
163368  163438  163471  163594  163595  163673  163677  
163708  163727  163732  163734  163820  163825  163855  
163856  163858  164036  164092  164099  164161  164170  
164190  164329  164357  164530  164610  164625  164626  
164686  164688  164692  164814  164815  164829  164954  
164963  165028  165107  165138  165204  165470  165480  
165485  165498  165602  165611  165635  165891  165894  
165901  166007  166021  166031  166060  166066  166092  
166097  166139  166143  166205  166252  166299  166458  
166477  166481  166482  166678  166734  166754  166815  
166819  166829  166919  166933  166937  166970  166976  
167205  167221  167268  167298  167313  167375  167378  
167409  167460  167466  167480  167550  167558  167615  
167718  167837  167841  167842  167843  167844  167875  
167877  167891  167895  167928  167929  167989  168052  
168098  168140  168144  168154  168166  168167  168190  
168272  168283  168286  168305  168409  168442  168450  
168451  168453  168471  168552  168569  168573  168591  
168701  168725  168794  168871  168891  168914  168976  
168994  169098  169133  169134  169138  169216  169259  
169273  169287  169318  169322  169352  169357  169406  
169407  169411  169413  169587  169620  169625  169691  
169730  169795  169819  169859  169914  169918  169919  
169958  169974  170061  170108  170137  170157  170164  
170165  170294  170333  170397  170420  170434  170446  
170633  170639  170692  170776  170842  171009  171016  
171017  171064  171069  171200  171314  171317  171355  
171588  171618  171642  171643  171686  171698  171730  
171826  171858  171873  171874  171901  171910  171993  
172016  172057  172081  172114  172119  172123  172142  
172155  172200  172256  172285  172300  172307  172343  
172345  172349  172442  172505  172543  172582  172587  
172608  172677  172713  172748  172749  172877  172888  
172889  172924  172929  172962  172963  173015  173029  
173036  173037  173128  173163  173193  173209  173232  
173274  173305  173312  173325  173333  173334  173339  
173390  173612  173648  173701  173712  173716  173811  
173837  173863  173872  173884  173889  173989  174029  
174045  174071  174101  174213  174224  174285  174306  
174310  174419  174457  174475  174647  174694  174714  
174724  174744  174763  174798  174914  174990  175001  
175042  175046  175047  175055  175061  175064  175120  
175188  175286  175301  175323  175385  175414  175494  
175536  175540  175544  175558  175561  175646  175649  
175654  175679  175685  175811  175846  175865  175893  
175974  176063  176075  176076  176083  176105  176155  
176157  176161  176242  176304  176581  176714  176726  
176770  176776  176917  176919  176927  176948  177039  
177069  177085  177093  177109  177111  177223  177366  
177377  177502  177522  177692  177720  177730  177732  
177734  177736  177763  177808  177813  177921  177940  
177946  177975  177985  178004  178016  178025  178026  
178099  178116  178118  178148  178159  178202  178225  
178228  178360  178396  178517  178521  178526  178527  
178543  178597  178599  178601  178603  178604  178614  
178641  178645  178694  178703  178706  178727  178728  
178740  178744  178821  178822  179026  179031  179043  
179045  179088  179091  179158  179228  179230  179394  
179400  179404  179405  179440  179442  179452  179467  
179477  179491  179500  179557  179564  179568  179570  
179614  179629  179647  179649  179653  179683  179807  
179817  179959  179962  180018  180150  180176  180189  
180343  180374  180383  180429  180435  180527  180528  
180530  180577  180613  180671  180699  180700  180701  
180757  180770  180793  180884  180887  180904  181007  
181009  181062  181234  181312  181363  181365  181381  
181396  181402  181436  181476  181505  181516  181535  
181558  181591  181613  181683  181701  181702  181705  
181780  181872  181875  181915  181924  181930  181985  
182010  182049  182182  182183  182184  182268  182368  
182371  182447  182470  182579  182647  182659  182712  
182767  182783  182789  182791  182843  182932  182939  
183013  183037  183051  183062  183085  183146  183178  
183365  183369  183396  183398  183420  183445  183467  
183519  183532  183539  183570  183575  183602  183611  
183614  183791  183819  183844  183875  183876  183923  
184000  184025  184031  184054  184127  184140  184179  
184273  184404  184440  184462  184488  184509  184521  
184523  184555  184596  184646  184647  184649  184666  
184690  184834  184845  185227  185229  185303  185312  
185315  185329  185333  185346  185353  185388  185391  
185397  185400  185406  185440  185511  185652  185781  
185783  185786  185826  186037  186077  186082  186163  
186185  186186  186257  186269  186270  186280  186287  
186411  186459  186480  186529  186575  186576  186597  
186598  186623  186626  186642  186797  186865  186892  
186896  186915  187043  187091  187118  187127  187141  
187194  187203  187275  187431  187447  187453  187484  
187492  187670  187687  187714  187717  187718  187770  
187789  187855  187875  187881  187995  188166  188210  
188242  188246  188339  188369  188493  188497  188533  
188574  188609  188611  188614  188950  188997  189011  
189112  189253  189256  189257  189340  189439  189440  
189441  189443  189483  189518  189559  189617  189706  
189746  189783  189842  189871  189900  189908  189942  
189969  190012  190046  190115  190124  190277  190336  
190374  190440  190593  190602  190610  190742  190743  
190841  190850  190928  190966  190976  190977  191041  
191113  191155  191192  191285  191300  191317  191334  
191432  191544  191667  191679  191710  191713  191743  
191823  191832  191855  192000  192036  192037  192040  
192085  192087  192169  192178  192225  192261  192268  
192270  192284  192290  192527  192540  192573  192650  
192691  192776  192889  192952  192959  193009  193031  
193052  193142  193213  193215  193218  193251  193254  
193293  193330  193346  193347  193350  193355  193357  
193409  193413  193747  193756  193757  193794  193996  
194013  194020  194109  194128  194191  194203  194211  
194345  194531  194586  194620  194649  194656  194709  
194779  194782  194821  194858  194887  194907  194911  
194955  194956  194972  194976  194994  195020  195068  
195071  195073  195174  195393  195398  195466  195470  
195636  195675  195682  195689  195694  195724  195726  
195727  195733  195751  195806  195819  195857  195896  
195940  195956  195958  195959  196006  196009  196038  
196069  196076  196077  196078  196125  196173  196211  
196261  196297  196370  196386  196399  196416  196421  
196423  196437  196444  196455  196478  196491  196498  
196641  196677  196678  196796  196810  196812  196821  
196828  196920  196932  197004  197054  197077  197089  
197138  197194  197195  197196  197197  197199  197200  
197201  197209  197288  197367  197368  197370  197372  
197378  197497  197524  197627  197644  197665  197748  
197751  197785  197794  197830  197853  197859  198013  
198015  198110  198264  198314  198316  198443  198462  
198463  198486  198535  198575  198603  198651  198667  
198674  198748  198783  198834  198866  198869  198884  
198901  198902  198944  198947  198950  199124  199150  
199153  199220  199280  199304  199307  199308  199361  
199393  199454  199470  199478  199496  199528  199612  
199614  199659  199686  199691  199746  199838  199866  
199874  199885  199891  199911  200006  200030  200055  
200058  200060  200149  200179  200185  200189  200232  
200251  200258  200265  200326  200335  200352  200423  
200457  200540  200576  200612  200687  200764  200780  
200904  200913  200991  201013  201016  201019  201106  
201150  201173  201218  201230  201245  201250  201257  
201308  201312  201408  201577  201581  201663  201692  
201770  201795  201821  201825  201874  201939  201943  
202059  202082  202190  202207  202229  202253  202275  
202295  202324  202325  202448  202476  202508  202574  
202580  202599  202637  202679  202695  202729  202745  
202866  202877  202887  202907  202986  203069  203071  
203073  203085  203139  203193  203343  203366  203495  
203519  203548  203593  203641  203644  203647  203802  
203806  203815  203827  203874  203953  204030  204049  
204053  204087  204110  204114  204117  204130  204302  
204429  204432  204487  204491  204515  204519  204537  
204585  204615  204654  204703  204754  204765  204769  
204797  205002  205012  205035  205077  205167  205186  
205188  205205  205258  205260  205262  205339  205359  
205386  205390  205501  205528  205619  205622  205627  
205644  205733  205772  205904  206066  206090  206201  
206227  206245  206334  206336  206337  206374  206377  
206437  206491  206558  206607  206609  206614  206653  
206691  206781  206782  206834  206846  206870  206945  
206999  207030  207032  207034  207120  207194  207196  
207203  207204  207207  207362  207432  207524  207545  
207549  207605  207622  207628  207629  207631  207718  
207758  207814  207822  207823  207870  207898  207915  
207930  207934  207938  207999  208016  208026  208070  
208071  208112  208139  208155  208159  208197  208249  
208471  208473  208498  208695  208722  208743  208843  
209055  209076  209078  209203  209240  209242  209322  
209409  209474  209498  209604  209608  209622  209691  
209720  209721  209772  210001  210024  210033  210045  
210107  210185  210246  210286  210343  210357  210407  
210413  210639  210640  210769  210784  210787  210790  
210835  210854  210987  211012  211070  211131  211149  
211151  211258  211275  211310  211329  211366  211445  
211458  211556  211644  211745  211793  211797  211812  
211880  211908  211915  211954  212094  212122  212156  
212270  212518  212678  212681  212688  212747  213109  
213172  213176  213366  213565  213588  213613  213614  
213622  213637  213684  213714  213749  213769  213842  
213879  213933  214018  214074  214304  214338  214377  
214402  214468  214530  214678  214687  214743  214774  
214838  214996  215065  215087  215165  215293  215401  
215473  215498  215565  215567  215613  215684  215732  
215915  216067  216096  216097  216230  216267  216273  
216341  216345  216398  216510  216556  216580  216724  
216813  216909  216915  216967  216968  216999  217030  
217045  217051  217180  217230  217334  217344  217371  
217374  217426  217427  217450  217455  217504  217513  
217589  217627  217652  217709  217711  217730  217732  
217817  217873  217878  217904  217953  217954  217960  
218109  218141  218309  218329  218335  218356  218397  
218489  218533  218575  218581  218774  218860  218915  
218917  218918  219120  219361  219364  219368  219762  
219998  220001  220031  220082  220275  220320  220528  
220552  220616  220623  220627  220851  220940  220965  
220984  221233  221248  221284  221286  221344  221346  
221350  221431  221434  221485  221488  221562  221593  
221597  221672  221716  221744  221765  221877  221997  
222014  222058  222076  222242  222246  222262  222287  
222351  222478  222570  222612  222620  222649  222684  
222717  222965  223001  223002  223009  223047  223154  
223216  223296  223298  223320  223321  223463  223477  
223478  223492  223499  223524  223535  223690  223745  
223840  223841  223851  223897  224047  224174  224185  
224203  224260  224373  224421  224434  224443  224489  
224498  224614  224616  224690  224717  224750  224752  
224835  224863  224923  225028  225045  225209  225284  
225423  225490  225524  225832  225853  225871  225876  
225892  225901  225958  225998  226036  226102  226262  
226307  226401  226418  226480  226482  226653  226679  
226729  226832  226973  227200  227273  227286  227289  
227590  227614  227722  227819  227822  227862  227927  
227978  227993  228041  228042  228121  228208  228271  
228344  228352  228379  228410  228469  228478  228549  
228554  228559  228614  228700  229009  229040  229053  
229093  229185  229217  229276  229308  229413  229414  
229418  229442  229628  229630  229683  229686  229848  
229850  229852  229853  229894  229918  229948  230212  
230217  230354  230519  230524  230526  230579  230630  
230737  230786  231005  231145  231347  231351  231427  
231431  231757  231769  231839  231862  231877  231917  
232068  232232  232301  232452  232501  232591  232593  
232595  232597  232598  232761  232842  232844  232852  
232863  232926  232939  233019  233030  233039  233101  
233117  233164  233165  233219  233222  233424  233509  
233538  233552  233612  233684  233717  233718  233852  
233870  233890  233959  234012  234136  234137  234145  
234263  234359  234377  234417  234455  234490  234544  
234554  234558  234570  234571  234602  234818  234933  
234939  235084  235144  235180  235187  235229  235284  
235368  235372  235374  235389  235444  235468  235489  
235718  235730  235734  235846  235969  236014  236041  
236075  236088  236090  236163  236272  236280  236330  
236431  236441  236467  236480  236556  236576  236666  
236667  236703  236705  236828  236882  236889  237140  
237148  237152  237191  237193  237251  237356  237401  
237456  237460  237531  237552  237591  237604  237633  
237734  237766  237789  237790  238085  238113  238219  
238335  238412  238503  238505  238553  238557  238609  
238624  238696  238699  238700  238704  238705  238715  
238794  238969  238970  238978  238980  239039  239060  
239168  239171  239176  239181  239188  239194  239237  
239326  239328  239330  239346  239362  239368  239375  
239457  239559  239657  239688  239775  239834  239870  
239882  239910  239974  239994  240012  240016  240090  
240189  240236  240249  240377  240403  240408  240409  
240501  240502  240503  240505  240506  240507  240508  
240602  240618  240722  240755  240776  240789  240794  
240851  240901  240957  240966  240967  241009  241075  
241085  241089  241095  241334  241336  241338  241339  
241503  241538  241542  241686  241724  241727  241728  
241729  241770  241911  241913  241970  241991  242019  
242027  242031  242032  242056  242068  242074  242076  
242082  242103  242117  242133  242151  242158  242202  
242230  242249  242289  242290  242371  242372  242421  
242552  242592  242655  242689  242750  242752  242775  
242848  242898  242915  242916  242960  242962  243005  
243023  243033  243039  243081  243083  243089  243098  
243130  243147  243166  243167  243172  243236  243342  
243387  243414  243439  243466  243469  243472  243483  
243530  243547  243552  243560  243601  243620  243626  
243638  243645  243684  243740  243777  243820  243874  
243886  243905  243927  243929  244065  244268  244291  
244306  244307  244446  244514  244529  244609  244630  
244662  244663  244667  244734  244747  244782  244806  
244807  244842  244902  245028  245030  245252  245253  
245361  245399  245583  245586  245588  245592  245596  
245688  245690  245743  245794  245800  245817  245855  
245857  245863  245877  245911  245913  246008  246057  
246148  246361  246365  246376  246470  246479  246836  
246867  246986  246987  247128  247165  247383  247430  
247591  247597  247722  247733  247780  247783  247961  
247988  248014  248020  248023  248049  248125  248165  
248290  248386  248453  248461  248573  248605  248655  
248666  248699  248701  248710  248720  248901  249038  
249047  249098  249105  249152  249153  249213  249234  
249391  249400  249420  249515  249570  249573  249654  
249687  249728  249815  249845  250024  250090  250093  
250140  250207  250348  250450  250452  250525  250558  
250586  250605  250708  250742  250751  250822  250892  
250895  250984  251030  251069  251076  251115  251135  
251149  251165  251237  251300  251382  251394  251396  
251398  251505  251542  251601  251654  251681  251695  
251696  251835  251889  251976  252012  252035  252036  
252083  252193  252490  252516  252669  252923  252927  
252930  252936  252938  252949  253352  253410  253436  
253680  253687  253701  253886  253944  253948  253956  
254001  254065  254177  254178  254180  254182  254231  
254239  254250  254311  254314  254459  254556  254601  
254647  254731  254754  254799  254872  254907  254946  
255028  255057  255183  255268  255407  255430  255511  
255529  255560  255626  255660  255675  255803  255964  
256081  256216  256267  256460  256617  256645  256883  
256927  257172  257206  257268  257271  257284  257320  
257405  257424  257510  257565  257566  257576  257698  
257717  257723  257728  257747  257796  257869  257929  
257930  257958  257977  257979  258033  258035  258195  
258213  258450  258452  258595  258642  258664  258672  
258674  258755  258818  258832  258863  258938  258961  
259035  259043  259056  259061  259074  259147  259294  
259308  259354  259510  259544  259571  259573  259587  
259588  259715  259722  259724  259767  259822  259837  
259905  259906  259911  259923  260066  260069  260129  
260288  260320  260513  260541  260546  260613  260622  
260628  260634  260678  260763  260824  260830  260845  
260980  261033  261140  261208  261243  261245  261437  
261714  261736  261740  261781  261782  261783  261786  
261788  261789  261796  261817  261823  261980  262154  
262230  262299  262377  262382  262561  262591  262761  
262775  262816  262834  262960  262975  263159  263209  
263343  263504  263559  263561  263562  263640  263646  
263666  263805  263847  264000  264111  264295  264306  
264334  264342  264348  264579  264583  264598  264619  
264670  264761  264762  264763  264774  264784  264936  
264961  265017  265048  265100  265146  265152  265159  
265457  265490  265579  265601  265633  265654  265673  
265676  265689  265735  265776  265832  265837  266011  
266049  266133  266186  266213  266271  266334  266375  
266378  266556  266607  266608  266661  266664  266841  
266936  267037  267042  267100  267122  267129  267232  
267336  267427  267503  267514  267700  267754  267957  
267968  268011  268017  268035  268090  268185  268210  
268419  268474  268477  268553  268676  268797  268881  
268977  268998  269126  269271  269272  269288  269348  
269465  269497  269505  269555  269564  269579  269580  
269582  269614  269651  269819  269900  269942  269980  
270059  270080  270085  270138  270379  270401  270402  
270530  270590  270600  270606  270686  270732  270741  
270810  270832  270929  271040  271095  271112  271222  
271476  271477  271479  271483  271755  271784  271845  
271862  271886  271894  271900  271904  272122  272248  
272318  272351  272384  272487  272603  272609  272622  
272627  272726  272753  272831  272862  272882  272985  
273001  273034  273035  273200  273242  273342  273385  
273412  273415  273525  273527  273586  273844  273848  
273907  273920  273933  273947  274133  274176  274203  
274222  274230  274333  274409  274483  274497  274500  
274531  274699  274916  274917  274920  275009  275040  
275107  275137  275270  275281  275307  275476  275484  
275657  275734  275738  275744  275755  275854  275995  
276224  276228  276229  276232  276390  276391  276522  
276701  276770  276782  276999  277148  277288  277307  
277319  277346  277399  277551  277713  277718  277802  
278055  278140  278184  278252  278254  278290  278339  
278482  278487  278509  278677  278689  278700  278759  
278815  278955  279029  279166  279167  279174  279178  
279183  279290  279335  279412  279485  279565  279604  
279684  279864  279891  279892  280004  280034  280088  
280107  280426  280427  280535  280797  280801  280853  
280976  281162  281165  281217  281238  281262  281424  
281443  281448  281459  281500  281531  281543  281665  
281702  281732  281754  282322  282329  282334  282346  
282398  282448  282544  282582  282586  282660  282661  
282662  282664  282706  282881  282890  282894  282917  
283075  283107  283114  283141  283185  283254  283379  
283423  283515  283603  283705  283706  283728  283855  
283857  283961  284025  284053  284083  284204  284205  
284223  284258  284296  284301  284315  284334  284397  
284421  284424  284431  284436  284483  284493  284615  
284660  284711  284762  284844  284992  285049  285053  
285084  285122  285133  285197  285313  285331  285343  
285344  285346  285350  285360  285367  285643  285647  
285653  285707  285746  285830  286008  286134  286140  
286202  286319  286396  286406  286407  286410  286415  
286520  286604  286635  286643  286663  286665  286708  
286762  286763  286775  286854  286998  287016  287047  
287053  287130  287175  287184  287222  287508  287592  
287593  287628  287653  287774  287790  287825  287838  
287927  287978  288034  288036  288037  288039  288040  
288041  288042  288349  288354  288398  288416  288418  
288536  288762  288942  289130  289283  289289  289308  
289396  289428  289477  289511  289652  289653  289664  
289797  289803  289805  289822  290026  290076  290080  
290454  290499  290550  290588  290696  290820  290832  
290902  290917  290938  291031  291037  291038  291039  
291207  291262  291420  291421  291427  291492  291494  
291501  291637  291736  291757  291830  291844  291871  
291875  292000  292003  292083  292124  292213  292551  
292646  292682  292717  292731  292886  292901  293174  
293303  293310  293377  293628  293796  294016  294019  
294107  294133  294356  294430  294469  294483  294679  
294902  295061  295156  295163  295294  295393  295535  
295585  295781  295789  295845  295983  296089  296124  
296150  296151  296216  296289  296305  296321  296389  
296462  296574  296588  296798  296981  296986  297023  
297029  297149  297150  297151  297155  297167  297252  
297299  297371  297436  297579  297811  297819  297850  
297851  297862  297872  297919  298012  298192  298279  
298348  298622  298777  298779  299116  299130  299291  
299295  299296  299510  299562  299667  299745  299879  
299882  299885  299967  300057  300071  300073  300128  
300220  300225  300279  300331  300616  300621  300649  
300759  300765  300769  300804  300826  300977  301030  
301081  301087  301241  301282  301385  301504  301548  
301860  301861  301869  302181  302190  302195  302230  
302274  302411  302419  302426  302431  302450  302451  
302563  302670  302677  302678  302680  302707  302733  
302768  302787  302943  302951  302991  302993  302996  
303065  303110  303411  303414  303495  303597  303714  
303716  303719  303720  303721  303723  303734  303744  
303746  303854  303952  304004  304020  304054  304083  
304126  304148  304175  304277  304360  304521  304817  
304881  304885  304988  305007  305012  305085  305103  
305105  305266  305274  305341  305404  305471  305598  
305640  305643  305764  305786  305824  306005  306062  
306096  306158  306161  306164  306166  306208  306246  
306256  306298  306430  306445  306466  306619  306622  
306768  306777  306780  306786  306866  307206  307217  
307221  307288  307327  307359  307364  307486  307494  
307549  307556  307557  307558  307559  307560  307562  
307563  307564  307590  307676  307681  307742  307757  
307803  307820  307839  307852  307858  307882  308104  
308130  308139  308171  308321  308446  308453  308454  
308508  308836  308840  308934  309114  309115  309118  
309119  309120  309121  309149  309619  309633  309840  
310001  310002  310751  310887  310888  310891  310896  
310916  311000  311068  311160  311243  311315  311347  
311516  311517  311675  312015  312025  312117  312169  
312298  312303  312305  312308  312322  312360  312668  
312860  312927  313359  313374  313511  313545  313719  
313723  313756  313868  313930  313933  314014  314277  
314296  314408  314412  314596  314598  314601  314743  
314864  315077  315294  315332  315459  315756  315758  
316003  316008  316279  316282  316448  316541  316595  
316596  316645  316705  316960  317212  317514  317762  
317927  318082  318172  318382  318431  318615  318665  
318771  318777  318780  319162  319163  319249  319271  
319279  319296  319346  319354  319455  319948  320033  
320078  320143  320299  320353  320525  320639  320822  
320832  320870  320892  321083  321173  321344  321348  
321446  321667  321773  321798  321910  321954  321957  
322085  322091  322144  322145  322147  322202  322319  
322477  322482  322502  322516  322588  322670  322842  
322917  322959  323112  323327  323596  323769  323771  
323816  324031  324063  324133  324134  324215  324232  
324241  324534  324685  324746  324848  324909  325035  
325039  325176  325406  325482  325713  325781  325794  
325924  326143  326319  326527  326643  326670  326714  
326718  326909  326959  327019  327021  327123  327148  
327171  327209  327317  327447  327455  327525  327807  
328053  328193  328270  328348  328404  328419  328492  
328505  328559  328725  328832  328928  328936  329043  
329093  329108  329111  329148  329157  329175  329178  
329188  329263  329541  329593  329610  329655  329890  
329903  329937  329940  329954  330163  330269  330534  
330536  330538  330540  330541  330542  330545  330559  
330581  330618  330623  330764  330829  331151  331228  
331232  331241  331369  331370  331619  331772  331838  
331896  331996  332152  332154  332197  332198  332200  
332239  332241  332256  332308  332697  332824  332859  
332956  333141  333258  333368  333370  333392  333412  
333480  333487  333516  333548  333630  333640  333679  
333686  333965  334034  334184  334189  334194  334478  
334623  334889  335119  335193  335204  335258  335353  
335360  335449  335455  335717  335856  336080  336085  
336119  336186  336187  336189  336190  336195  336228  
336288  336336  336467  336535  336958  336980  337006  
337279  337764  337943  337986  338106  338349  338634  
338695  338705  338921  338984  338996  339114  339291  
339306  339767  339798  339892  340612  340668  340870  
340872  341149  341155  341340  341563  341568  341747  
341788  341988  342094  342143  342199  342434  342741  
342762  342846  342849  343462  343655  343670  343757  
343978  344085  344255  344275  344312  344354  344489  
344558  344659  344662  344950  344957  344987  345028  
345031  345032  345285  345355  345439  345593  345787  
345844  345884  345985  345991  346065  346091  346168  
346227  346291  346292  346544  346549  346645  346722  
346937  347140  347146  347182  347284  347505  347564  
347567  347599  347907  348005  348065  348160  348243  
348312  348359  348595  348733  348859  349213  349392  
349624  349682  349685  349686  349727  349901  349948  
349954  349979  349981  350237  350435  350442  350530  
350600  350993  351032  351064  351111  351204  351215  
351325  351393  351839  352074  352077  352114  352115  
352116  352117  352120  352122  352248  352405  352534  
352771  352964  353073  353295  353601  353713  353742  
353828  354110  354116  354148  354309  354469  354588  
354727  354781  354820  355089  355231  355240  355339  
355789  356221  356761  356961  356973  357010  357023  
357339  357535  357596  357606  357752  357842  358083  
358203  358239  358380  358497  358613  358913  359005  
359009  359075  359081  359413  359857  359922  360062  
360280  360284  360298  360300  360302  360314  360650  
360651  360752  360828  361015  361143  361258  361481  
361553  361557  361558  361781  362003  362166  362235  
362244  362872  362988  363034  363036  363084  363563  
363871  363875  363897  363965  363967  364030  364072  
364074  364086  364177  364656  364768  364829  364846  
364847  364858  364859  364893  365410  365521  365524  
365532  365612  365712  365727  365815  365833  365951  
366236  366472  366723  366726  366727  366732  366748  
366794  366862  367004  367115  367156  367452  367541  
367565  367569  367572  367685  367837  368040  368183  
368392  368425  368753  368814  368923  368927  369191  
369866  369984  370246  370283  370550  370604  370718  
370837  371127  371172  371312  371394  371407  371409  
371492  372191  372265  372450  372453  372791  372797  
372846  372880  372930  372934  372976  373017  373085  
373147  373477  373479  373691  373692  373693  373694  
373695  373697  373698  373700  373836  373857  373875  
374502  374519  374596  374605  374988  375040  375305  
375462  376072  376279  376285  376442  376484  376982  
377250  377522  377945  378123  378143  378156  378376  
378481  378612  378947  378949  378963  379169  379177  
379265  379398  379865  379871  380198  380212  380213  
380223  380777  380966  380969  381568  381795  381858  
382032  382057  382434  382943  383065  383071  383194  
383249  383493  384012  384089  384112  384288  384489  
384491  384843  384849  384911  384912  384943  385088  
385443  385756  385838  385979  387074  387626  387718  
387949  388485  388490  388491  388540  388679  388937  
388940  388967  389545  389549  389589  390109  390113  
390213  390595  390622  390623  390727  390992  391141  
391264  391476  391535  391774  391781  391794  392244  
392271  392817  392818  392948  393251  393276  393376  
393406  393408  393784  393989  394372  394397  394399  
394806  394940  395300  395379  395631  395785  396066  
396133  396218  396460  396553  396694  397088  397315  
398028  398402  398808  398849  399008  399567  399964  
399999  400104  400150  400203  400241  401164  401629  
401863  402287  402921  403864  404026  404296  404426  
404611  404612  404716  404843  404847  404849  405301  
405448  405606  406187  406370  406433  406527  407728  
408116  409119  409866  410112  410399  410880  411200  
411339  411471  412190  412192  412706  413199  413219  
413334  413335  413442  413852  414029  414044  414104  
414265  414279  414339  414422  415110  415666  415834  
416017  416149  416172  417585  417612  417618  417646  
418017  418581  418617  419562  420262  420361  420768  
420795  421121  421218  421227  421699  422207  422236  
422629  424536  425076  425361  425395  425844  426255  
427017  427045  427295  428230  428955  430429  430432  
430836  430862  432230  434381  434480  435140  435643  
435756  436476  437575  438616  438797  440082  440650  
442146  442283  444042  445927  446728  447887  449001  
449938  454791  456859  457716  458245  458970  459491  
463182  